0.0036 0.0054 0.0071 0.0089 0.0089 0.0089 0.0089 0.0071 0.0054 0.0036
0.0054 0.0071 0.0089 0.0107 0.0107 0.0107 0.0107 0.0089 0.0071 0.0054
0.0071 0.0089 0.0107 0.0125 0.0125 0.0125 0.0125 0.0107 0.0089 0.0071
0.0089 0.0107 0.0125 0.0143 0.0143 0.0143 0.0143 0.0125 0.0107 0.0089
0.0089 0.0107 0.0125 0.0143 0.0143 0.0143 0.0143 0.0125 0.0107 0.0089
0.0089 0.0107 0.0125 0.0143 0.0143 0.0143 0.0143 0.0125 0.0107 0.0089
0.0089 0.0107 0.0125 0.0143 0.0143 0.0143 0.0143 0.0125 0.0107 0.0089
0.0071 0.0089 0.0107 0.0125 0.0125 0.0125 0.0125 0.0107 0.0089 0.0071
0.0054 0.0071 0.0089 0.0107 0.0107 0.0107 0.0107 0.0089 0.0071 0.0054
0.0036 0.0054 0.0071 0.0089 0.0089 0.0089 0.0089 0.0071 0.0054 0.0036
